
AR PLASMA WITH DIFFUSION AND EXTERNAL CIRCUIT

pression, Pa           = 1.00E+02
gap length, cm         = 4.00E-01
channel radius, cm     = 4.00E-01
voltage, V             = 1.00E+03
resistance, Ohm        = 1.00E+05
gas temperature, K     = 3.00E+02
electrin density, cm-3 = 1.00E+06
end time, s            = 1.00E-03
PRESS ENTER TO CONTINUE ...
ZDPlasKin (version 2.0a) INIT:
  species        ... 8
  reactions      ... 13
  BOLSIG+ loader ... bolsigdb.dat : 2 species & 5 collisions
  species  link  ... 2
  process  link  ... 4
ZDPlasKin INFO: reset data and configuration
ZDPlasKin INFO: set accuracy 1.00D-10 (absolute) & 1.00D-05 (relative)
ZDPlasKin INIT DONE

        Time_s       dtime_s         EN_Td     Elec_cm-3
  1.000000E-19  1.000000E-19  7.766399E+01  1.000000E+06
  2.894556E-08  7.496032E-10  7.755606E+01  2.830102E+07
  6.716802E-08  1.306739E-10  7.128083E+01  1.737922E+09
  7.721217E-08  8.395531E-11  6.513739E+01  3.683525E+09
  8.501384E-08  7.478181E-11  5.988575E+01  5.615658E+09
  9.245002E-08  7.513505E-11  5.535954E+01  7.531081E+09
  1.001906E-07  8.008512E-11  5.144299E+01  9.419142E+09
  1.086406E-07  8.930517E-11  4.803345E+01  1.127840E+10
  1.181369E-07  1.014335E-10  4.502065E+01  1.311612E+10
  1.290178E-07  1.165357E-10  4.234960E+01  1.494244E+10
  1.416600E-07  1.366257E-10  3.994726E+01  1.675225E+10
  1.564998E-07  1.606275E-10  3.779202E+01  1.856212E+10
  1.740658E-07  1.911084E-10  3.582781E+01  2.035881E+10
  1.949421E-07  2.270917E-10  3.406264E+01  2.214546E+10
  2.198452E-07  2.710198E-10  3.244228E+01  2.392728E+10
  2.495489E-07  3.236836E-10  3.098285E+01  2.567541E+10
  2.848877E-07  3.850051E-10  2.963965E+01  2.741591E+10
  3.268013E-07  4.522863E-10  2.840205E+01  2.915303E+10
  3.760645E-07  5.311489E-10  2.726616E+01  3.086795E+10
  4.330866E-07  6.093733E-10  2.622629E+01  3.256732E+10
  4.977263E-07  6.835686E-10  2.525827E+01  3.425553E+10
  5.691407E-07  7.432434E-10  2.436148E+01  3.593399E+10
  6.455322E-07  7.822777E-10  2.353445E+01  3.758994E+10
  7.246701E-07  7.983077E-10  2.275683E+01  3.924632E+10
  8.044009E-07  7.953090E-10  2.202906E+01  4.089834E+10
  8.828653E-07  7.729199E-10  2.134966E+01  4.253669E+10
  9.588242E-07  7.456358E-10  2.071147E+01  4.416495E+10
  1.031594E-06  7.108094E-10  2.011032E+01  4.578280E+10
  1.100911E-06  6.745489E-10  1.955198E+01  4.739177E+10
  1.166781E-06  6.432213E-10  1.902559E+01  4.899248E+10
  1.229340E-06  6.107997E-10  1.851976E+01  5.058728E+10
  1.288815E-06  5.810310E-10  1.804502E+01  5.217546E+10
  1.345461E-06  5.541248E-10  1.759718E+01  5.375736E+10
  1.399518E-06  5.281680E-10  1.717096E+01  5.533363E+10
  1.451249E-06  5.064770E-10  1.676461E+01  5.690605E+10
  1.500861E-06  4.855789E-10  1.638070E+01  5.847286E+10
  1.548551E-06  4.676590E-10  1.601355E+01  6.003434E+10
  1.594505E-06  4.511429E-10  1.566356E+01  6.159192E+10
  1.638897E-06  4.366613E-10  1.532851E+01  6.314700E+10
  1.681854E-06  4.231905E-10  1.500597E+01  6.469805E+10
  1.723511E-06  4.103248E-10  1.470813E+01  6.624582E+10
  1.763996E-06  3.985120E-10  1.441653E+01  6.779123E+10
  1.803398E-06  3.890261E-10  1.413618E+01  6.933412E+10
  1.841796E-06  3.792255E-10  1.386625E+01  7.087490E+10
  1.879263E-06  3.697020E-10  1.360735E+01  7.241287E+10
  1.915870E-06  3.611596E-10  1.335501E+01  7.394862E+10
  1.951679E-06  3.546468E-10  1.311798E+01  7.548253E+10
  1.986759E-06  3.485362E-10  1.288369E+01  7.701465E+10
  2.021170E-06  3.401956E-10  1.266683E+01  7.854467E+10
  2.054960E-06  3.338021E-10  1.245439E+01  8.007338E+10
  2.088176E-06  3.290436E-10  1.224521E+01  8.160058E+10
  2.120859E-06  3.250992E-10  1.205181E+01  8.312686E+10
  2.153030E-06  3.187822E-10  1.186526E+01  8.465185E+10
  2.184728E-06  3.150405E-10  1.168206E+01  8.617589E+10
  2.215975E-06  3.091251E-10  1.149906E+01  8.769882E+10
  2.246796E-06  3.065162E-10  1.132429E+01  8.922123E+10
  2.277218E-06  3.012005E-10  1.115639E+01  9.074316E+10
  2.307273E-06  3.003215E-10  1.099112E+01  9.226389E+10
  2.336985E-06  2.964939E-10  1.083589E+01  9.378365E+10
  2.366369E-06  2.923007E-10  1.068181E+01  9.530259E+10
  2.395455E-06  2.901051E-10  1.054039E+01  9.682132E+10
  2.424255E-06  2.877550E-10  1.039472E+01  9.833971E+10
  2.452784E-06  2.839344E-10  1.025305E+01  9.985769E+10
  2.481061E-06  2.811241E-10  1.011886E+01  1.013755E+11
  2.509099E-06  2.794324E-10  9.992376E+00  1.028933E+11
  2.536910E-06  2.768295E-10  9.862413E+00  1.044110E+11
  2.564503E-06  2.742131E-10  9.742503E+00  1.059287E+11
  2.591889E-06  2.728497E-10  9.619995E+00  1.074464E+11
  2.619082E-06  2.706804E-10  9.500585E+00  1.089642E+11
  2.646090E-06  2.681448E-10  9.388943E+00  1.104822E+11
  2.672925E-06  2.688743E-10  9.276016E+00  1.120004E+11
  2.699600E-06  2.658120E-10  9.168391E+00  1.135184E+11
  2.726125E-06  2.646735E-10  9.058948E+00  1.150365E+11
  2.752511E-06  2.629939E-10  8.959333E+00  1.165550E+11
  2.778764E-06  2.609369E-10  8.860879E+00  1.180737E+11
  2.804891E-06  2.592539E-10  8.759113E+00  1.195928E+11
  2.830900E-06  2.582285E-10  8.664814E+00  1.211125E+11
  2.856797E-06  2.597740E-10  8.570829E+00  1.226327E+11
  2.882585E-06  2.566725E-10  8.483705E+00  1.241532E+11
  2.908278E-06  2.568118E-10  8.394113E+00  1.256744E+11
  2.933880E-06  2.553132E-10  8.304815E+00  1.271960E+11
  2.959400E-06  2.537237E-10  8.223128E+00  1.287181E+11
  2.984844E-06  2.553086E-10  8.134525E+00  1.302409E+11
  3.010218E-06  2.543024E-10  8.058386E+00  1.317644E+11
  3.035524E-06  2.532042E-10  7.977027E+00  1.332884E+11
  3.060767E-06  2.528958E-10  7.893895E+00  1.348131E+11
  3.085949E-06  2.535837E-10  7.819392E+00  1.363383E+11
  3.111076E-06  2.512907E-10  7.743389E+00  1.378641E+11
  3.136154E-06  2.494268E-10  7.671592E+00  1.393906E+11
  3.161192E-06  2.500375E-10  7.598487E+00  1.409180E+11
  3.186184E-06  2.490184E-10  7.532433E+00  1.424460E+11
  3.211142E-06  2.480848E-10  7.463169E+00  1.439751E+11
  3.236066E-06  2.478990E-10  7.394347E+00  1.455050E+11
  3.260959E-06  2.497152E-10  7.324401E+00  1.470357E+11
  3.285823E-06  2.500454E-10  7.260590E+00  1.485671E+11
  3.310663E-06  2.468854E-10  7.198216E+00  1.500991E+11
  3.335489E-06  2.502929E-10  7.136694E+00  1.516323E+11
  3.360296E-06  2.484855E-10  7.074223E+00  1.531661E+11
  3.385092E-06  2.497935E-10  7.007932E+00  1.547006E+11
  3.409880E-06  2.482191E-10  6.956200E+00  1.562359E+11
  3.434661E-06  2.462331E-10  6.894272E+00  1.577720E+11
  3.459443E-06  2.480005E-10  6.836909E+00  1.593091E+11
  3.484225E-06  2.469787E-10  6.781839E+00  1.608468E+11
  3.509014E-06  2.466250E-10  6.726944E+00  1.623854E+11
  3.533809E-06  2.457951E-10  6.666923E+00  1.639248E+11
  3.558616E-06  2.460894E-10  6.614290E+00  1.654648E+11
  3.583438E-06  2.483933E-10  6.558858E+00  1.670058E+11
  3.608279E-06  2.460632E-10  6.508859E+00  1.685475E+11
  3.633138E-06  2.488026E-10  6.457306E+00  1.700899E+11
  3.658021E-06  2.494632E-10  6.408540E+00  1.716331E+11
  3.682929E-06  2.511080E-10  6.355829E+00  1.731769E+11
  3.707865E-06  2.512244E-10  6.307655E+00  1.747214E+11
  3.732830E-06  2.489881E-10  6.261368E+00  1.762664E+11
  3.757832E-06  2.504486E-10  6.212909E+00  1.778123E+11
  3.782867E-06  2.486696E-10  6.164200E+00  1.793585E+11
  3.807943E-06  2.507022E-10  6.119462E+00  1.809054E+11
  3.833064E-06  2.522185E-10  6.072740E+00  1.824530E+11
  3.858229E-06  2.509439E-10  6.028070E+00  1.840010E+11
  3.883446E-06  2.499030E-10  5.981732E+00  1.855499E+11
  3.908712E-06  2.523344E-10  5.933974E+00  1.870990E+11
  3.934029E-06  2.548971E-10  5.894683E+00  1.886483E+11
  3.959403E-06  2.538806E-10  5.847760E+00  1.901979E+11
  3.984834E-06  2.538823E-10  5.808601E+00  1.917472E+11
  4.010330E-06  2.565321E-10  5.765590E+00  1.932968E+11
  4.035892E-06  2.564521E-10  5.719584E+00  1.948466E+11
  4.061522E-06  2.565434E-10  5.682406E+00  1.963967E+11
  4.087224E-06  2.566148E-10  5.638862E+00  1.979467E+11
  4.113002E-06  2.572741E-10  5.602383E+00  1.994970E+11
  4.138856E-06  2.566421E-10  5.560423E+00  2.010473E+11
  4.164792E-06  2.610613E-10  5.521978E+00  2.025977E+11
  4.190812E-06  2.618545E-10  5.480988E+00  2.041478E+11
  4.216913E-06  2.620041E-10  5.445083E+00  2.056977E+11
  4.243101E-06  2.624107E-10  5.405078E+00  2.072481E+11
  4.269373E-06  2.622633E-10  5.368090E+00  2.087985E+11
  4.295740E-06  2.629143E-10  5.330212E+00  2.103488E+11
  4.322204E-06  2.642270E-10  5.290058E+00  2.118992E+11
  4.348761E-06  2.650164E-10  5.255418E+00  2.134491E+11
  4.375420E-06  2.657046E-10  5.219005E+00  2.149987E+11
  4.402175E-06  2.700531E-10  5.181975E+00  2.165474E+11
  4.429035E-06  2.673383E-10  5.143632E+00  2.180955E+11
  4.456006E-06  2.722589E-10  5.106122E+00  2.196433E+11
  4.483084E-06  2.690608E-10  5.071911E+00  2.211901E+11
  4.510278E-06  2.740736E-10  5.034919E+00  2.227363E+11
  4.537580E-06  2.740462E-10  5.000886E+00  2.242812E+11
  4.565007E-06  2.747214E-10  4.965916E+00  2.258255E+11
  4.592552E-06  2.758826E-10  4.930317E+00  2.273686E+11
  4.620222E-06  2.768801E-10  4.894194E+00  2.289094E+11
  4.648021E-06  2.780747E-10  4.858710E+00  2.304464E+11
  4.675950E-06  2.787088E-10  4.824784E+00  2.319817E+11
  4.704014E-06  2.837228E-10  4.791295E+00  2.335159E+11
  4.732219E-06  2.845090E-10  4.756846E+00  2.350485E+11
  4.760565E-06  2.859069E-10  4.722559E+00  2.365813E+11
  4.789054E-06  2.857635E-10  4.691122E+00  2.381127E+11
  4.817687E-06  2.860663E-10  4.657208E+00  2.396419E+11
  4.846472E-06  2.904462E-10  4.621553E+00  2.411689E+11
  4.875402E-06  2.910031E-10  4.588871E+00  2.426933E+11
  4.904490E-06  2.946814E-10  4.553942E+00  2.442164E+11
  4.933734E-06  2.940552E-10  4.522268E+00  2.457372E+11
  4.963136E-06  2.981644E-10  4.486209E+00  2.472550E+11
  4.992705E-06  2.975432E-10  4.454416E+00  2.487696E+11
  5.022437E-06  2.968443E-10  4.420087E+00  2.502812E+11
  5.052344E-06  2.998662E-10  4.387237E+00  2.517908E+11
  5.082416E-06  3.027670E-10  4.353016E+00  2.532970E+11
  5.112669E-06  3.047660E-10  4.317686E+00  2.547999E+11
  5.143098E-06  3.033754E-10  4.284673E+00  2.562988E+11
  5.173713E-06  3.092091E-10  4.248621E+00  2.577935E+11
  5.204512E-06  3.072568E-10  4.216012E+00  2.592842E+11
  5.235504E-06  3.122793E-10  4.181572E+00  2.607708E+11
  5.266689E-06  3.100943E-10  4.147662E+00  2.622539E+11
  5.298068E-06  3.149510E-10  4.113406E+00  2.637333E+11
  5.329646E-06  3.145384E-10  4.079480E+00  2.652080E+11
  5.361430E-06  3.188199E-10  4.044426E+00  2.666782E+11
  5.393417E-06  3.179115E-10  4.009392E+00  2.681430E+11
  5.425615E-06  3.246066E-10  3.973878E+00  2.696019E+11
  5.458023E-06  3.270155E-10  3.940009E+00  2.710535E+11
  5.490649E-06  3.290196E-10  3.902378E+00  2.724993E+11
  5.523496E-06  3.293498E-10  3.866981E+00  2.739378E+11
  5.556566E-06  3.335583E-10  3.830011E+00  2.753690E+11
  5.589860E-06  3.338658E-10  3.793594E+00  2.767934E+11
  5.623384E-06  3.371323E-10  3.757743E+00  2.782106E+11
  5.657137E-06  3.390008E-10  3.719893E+00  2.796219E+11
  5.691126E-06  3.414085E-10  3.682497E+00  2.810257E+11
  5.725351E-06  3.420279E-10  3.643814E+00  2.824209E+11
  5.759823E-06  3.460064E-10  3.605678E+00  2.838083E+11
  5.794535E-06  3.493269E-10  3.567152E+00  2.851865E+11
  5.829500E-06  3.490885E-10  3.528524E+00  2.865556E+11
  5.864730E-06  3.511590E-10  3.489307E+00  2.879152E+11
  5.900216E-06  3.559331E-10  3.450292E+00  2.892643E+11
  5.935957E-06  3.591099E-10  3.410600E+00  2.906033E+11
  5.971966E-06  3.620018E-10  3.370152E+00  2.919313E+11
  6.008242E-06  3.645647E-10  3.329403E+00  2.932487E+11
  6.044790E-06  3.661413E-10  3.287779E+00  2.945552E+11
  6.081618E-06  3.702831E-10  3.247627E+00  2.958503E+11
  6.118725E-06  3.710675E-10  3.205903E+00  2.971338E+11
  6.156127E-06  3.743533E-10  3.164419E+00  2.984057E+11
  6.193821E-06  3.776914E-10  3.123796E+00  2.996660E+11
  6.231815E-06  3.829821E-10  3.083180E+00  3.009142E+11
  6.270122E-06  3.850082E-10  3.042778E+00  3.021506E+11
  6.308744E-06  3.870405E-10  3.001709E+00  3.033747E+11
  6.347695E-06  3.923869E-10  2.962137E+00  3.045869E+11
  6.386982E-06  3.937879E-10  2.921996E+00  3.057876E+11
  6.426617E-06  3.988994E-10  2.883348E+00  3.069768E+11
  6.466610E-06  4.013795E-10  2.844320E+00  3.081543E+11
  6.506974E-06  4.059024E-10  2.806351E+00  3.093206E+11
  6.547721E-06  4.084311E-10  2.768175E+00  3.104750E+11
  6.588868E-06  4.150647E-10  2.731908E+00  3.116169E+11
  6.630434E-06  4.181614E-10  2.696157E+00  3.127476E+11
  6.672435E-06  4.217981E-10  2.660654E+00  3.138667E+11
  6.714885E-06  4.264329E-10  2.626159E+00  3.149744E+11
  6.757804E-06  4.311293E-10  2.592370E+00  3.160709E+11
  6.801210E-06  4.373287E-10  2.559566E+00  3.171574E+11
  6.845126E-06  4.432680E-10  2.527171E+00  3.182328E+11
  6.889578E-06  4.469060E-10  2.495614E+00  3.192977E+11
  6.934583E-06  4.542652E-10  2.464912E+00  3.203527E+11
  6.980168E-06  4.593423E-10  2.434903E+00  3.213973E+11
  7.026358E-06  4.646577E-10  2.405274E+00  3.224324E+11
  7.073182E-06  4.708500E-10  2.376362E+00  3.234578E+11
  7.120668E-06  4.784900E-10  2.348466E+00  3.244735E+11
  7.168847E-06  4.865605E-10  2.321026E+00  3.254803E+11
  7.217753E-06  4.910935E-10  2.293979E+00  3.264780E+11
  7.267432E-06  5.009606E-10  2.268143E+00  3.274669E+11
  7.317915E-06  5.084476E-10  2.242494E+00  3.284474E+11
  7.369241E-06  5.157539E-10  2.217042E+00  3.294187E+11
  7.421460E-06  5.251296E-10  2.192835E+00  3.303821E+11
  7.474614E-06  5.342865E-10  2.168806E+00  3.313377E+11
  7.528763E-06  5.459366E-10  2.146094E+00  3.322853E+11
  7.583958E-06  5.579588E-10  2.123498E+00  3.332249E+11
  7.640247E-06  5.660296E-10  2.100787E+00  3.341567E+11
  7.697722E-06  5.819663E-10  2.079418E+00  3.350815E+11
  7.756432E-06  5.924608E-10  2.057715E+00  3.359989E+11
  7.816462E-06  6.047070E-10  2.036742E+00  3.369084E+11
  7.877903E-06  6.249945E-10  2.016353E+00  3.378105E+11
  7.940846E-06  6.406751E-10  1.996317E+00  3.387059E+11
  8.005401E-06  6.518204E-10  1.976528E+00  3.395944E+11
  8.071685E-06  6.707976E-10  1.957593E+00  3.404763E+11
  8.139821E-06  6.920715E-10  1.938947E+00  3.413516E+11
  8.209955E-06  7.090684E-10  1.919992E+00  3.422202E+11
  8.282267E-06  7.366919E-10  1.902541E+00  3.430832E+11
  8.356927E-06  7.574154E-10  1.884643E+00  3.439402E+11
  8.434161E-06  7.823704E-10  1.866881E+00  3.447910E+11
  8.514210E-06  8.096143E-10  1.850047E+00  3.456359E+11
  8.597374E-06  8.517794E-10  1.833782E+00  3.464757E+11
  8.683977E-06  8.878687E-10  1.817409E+00  3.473089E+11
  8.774407E-06  9.299120E-10  1.800814E+00  3.481362E+11
  8.869156E-06  9.681234E-10  1.785459E+00  3.489583E+11
  8.968797E-06  1.022589E-09  1.770172E+00  3.497749E+11
  9.074020E-06  1.088710E-09  1.754917E+00  3.505856E+11
  9.185756E-06  1.150837E-09  1.739919E+00  3.513912E+11
  9.305115E-06  1.240825E-09  1.725367E+00  3.521912E+11
  9.433623E-06  1.335365E-09  1.710888E+00  3.529862E+11
  9.573326E-06  1.455178E-09  1.696406E+00  3.537756E+11
  9.727254E-06  1.633270E-09  1.682705E+00  3.545604E+11
  9.899885E-06  1.846749E-09  1.669356E+00  3.553404E+11
  1.009866E-05  2.163820E-09  1.656024E+00  3.561156E+11
  1.033903E-05  3.605969E-09  1.618399E+00  3.568850E+11
  1.151027E-05  8.733439E-09  1.597044E+00  3.571898E+11
  1.208271E-05  4.387413E-09  1.609075E+00  3.564322E+11
  1.246987E-05  3.561887E-09  1.629429E+00  3.556664E+11
  1.279166E-05  3.187140E-09  1.640704E+00  3.548981E+11
  1.335780E-05  4.981667E-09  1.689708E+00  3.541050E+11
  1.381227E-05  4.213266E-09  1.703728E+00  3.533102E+11
  1.421209E-05  3.824987E-09  1.718262E+00  3.525109E+11
  1.458094E-05  3.568346E-09  1.732597E+00  3.517065E+11
  1.493047E-05  3.433533E-09  1.748319E+00  3.508969E+11
  1.526733E-05  3.322448E-09  1.762917E+00  3.500820E+11
  1.559601E-05  3.248772E-09  1.778447E+00  3.492619E+11
  1.591942E-05  3.229624E-09  1.794416E+00  3.484368E+11
  1.623998E-05  3.207462E-09  1.810481E+00  3.476054E+11
  1.655943E-05  3.204044E-09  1.826901E+00  3.467688E+11
  1.687948E-05  3.217129E-09  1.843333E+00  3.459267E+11
  1.720137E-05  3.244879E-09  1.860213E+00  3.450783E+11
  1.752632E-05  3.260592E-09  1.877286E+00  3.442238E+11
  1.785555E-05  3.320921E-09  1.894939E+00  3.433634E+11
  1.819024E-05  3.371138E-09  1.912996E+00  3.424972E+11
  1.853138E-05  3.452393E-09  1.931633E+00  3.416248E+11
  1.888030E-05  3.528094E-09  1.950032E+00  3.407457E+11
  1.923810E-05  3.622589E-09  1.969363E+00  3.398603E+11
  1.960614E-05  3.729943E-09  1.988865E+00  3.389677E+11
  1.998600E-05  3.856326E-09  2.009192E+00  3.380676E+11
  2.037906E-05  3.999492E-09  2.029380E+00  3.371615E+11
  2.078700E-05  4.159625E-09  2.049852E+00  3.362485E+11
  2.121209E-05  4.349690E-09  2.071853E+00  3.353273E+11
  2.165643E-05  4.546264E-09  2.093407E+00  3.343993E+11
  2.212273E-05  4.788078E-09  2.115921E+00  3.334631E+11
  2.261383E-05  5.053616E-09  2.139197E+00  3.325197E+11
  2.313388E-05  5.356778E-09  2.161692E+00  3.315694E+11
  2.368717E-05  5.713986E-09  2.185384E+00  3.306101E+11
  2.427927E-05  6.133165E-09  2.209644E+00  3.296422E+11
  2.491707E-05  6.632028E-09  2.235033E+00  3.286667E+11
  2.560839E-05  7.228232E-09  2.260396E+00  3.276828E+11
  2.636673E-05  7.956313E-09  2.286332E+00  3.266893E+11
  2.720652E-05  8.870367E-09  2.313044E+00  3.256869E+11
  2.814924E-05  1.004689E-08  2.340546E+00  3.246759E+11
  2.922572E-05  1.153873E-08  2.369046E+00  3.236553E+11
  3.048131E-05  1.374153E-08  2.397466E+00  3.226260E+11
  3.199563E-05  1.683866E-08  2.426995E+00  3.215874E+11
  3.390483E-05  2.176005E-08  2.456905E+00  3.205383E+11
  3.649081E-05  3.143518E-08  2.488123E+00  3.194771E+11
  4.055535E-05  5.028268E-08  2.520005E+00  3.184071E+11
  5.095277E-05  1.775855E-07  2.551994E+00  3.173295E+11
  2.496672E-04  3.023713E-06  2.560628E+00  3.170719E+11
  5.018123E-04  2.909375E-06  2.560999E+00  3.170594E+11
  7.520833E-04  3.018872E-06  2.561342E+00  3.170363E+11
Time of calculations: 3.08215E+01 (s)
PRESS ENTER TO EXIT ...