       Time_s                                                                                                                         1                                                                                                                         2
   1.0000E-08   8.8853E+08   7.0693E-05
   2.0000E-08   4.7243E+09   1.9986E-03
   3.0000E-08   2.5119E+10   5.6501E-02
   4.0000E-08   1.3356E+11   1.5973E+00
   5.0000E-08   7.1015E+11   4.5158E+01
   6.0000E-08   3.7759E+12   1.2767E+03
   7.0000E-08   2.0077E+13   3.6092E+04
   8.0000E-08   1.0675E+14   1.0204E+06
   9.0000E-08   5.6758E+14   2.8847E+07
   1.0000E-07   3.0179E+15   8.1552E+08
   1.1000E-07   1.6046E+16   2.3056E+10
   1.2000E-07   8.5317E+16   6.5179E+11
   1.3000E-07   4.5362E+17   1.8426E+13
   1.4000E-07   2.4115E+18   5.2073E+14
   1.5000E-07   1.2810E+19   1.4694E+16
   1.6000E-07   6.7776E+19   4.1133E+17
   1.7000E-07   3.5117E+20   1.1042E+19
   1.8000E-07   1.6438E+21   2.4195E+20
   1.9000E-07   5.3445E+21   2.5577E+21
   2.0000E-07   9.2678E+21   7.6912E+21
   2.1000E-07   1.0753E+22   1.0354E+22
   2.2000E-07   1.1087E+22   1.1008E+22
