          TIME           E/N             E             N            N2         N2(A)         N2(B)        N2(A')         N2(C)           N^+          N2^+          N3^+          N4^+
   7.02576E-06   2.28291E+01   9.72588E+05   1.60861E-23   2.44746E+19   2.86291E+04   3.95749E+00   3.40047E+01   3.94423E-02   3.30911E-55   7.04360E-17   1.07590E-27   1.40654E-11
   1.52225E-05   3.93613E+01   1.67992E+06   6.70299E-09   2.44746E+19   8.34617E+07   1.00474E+04   1.79688E+05   1.10092E+03   3.38805E-27   7.05989E-03   5.62207E-10   1.86966E+02
   2.45902E-05   5.80379E+01   2.70986E+06   1.04400E-03   2.44746E+19   5.14743E+09   5.47474E+05   1.73971E+07   1.84130E+05   2.64786E-18   1.66044E+02   8.37031E-04   4.30461E+05
   3.27869E-05   7.61879E+01   3.29342E+06   5.97558E+00   2.44746E+19   3.87723E+10   4.27211E+06   1.93544E+08   2.48995E+06   1.38913E-12   1.66990E+05   5.77902E+00   1.89962E+07
   4.09836E-05   9.24698E+01   1.40914E+06   1.60121E+03   2.44746E+19   7.68079E+10   5.16147E+06   2.87980E+08   4.03618E+06   2.61755E-09   1.69905E+07   1.59176E+03   6.80769E+07
   4.91803E-05   1.07939E+02   1.19630E+06   5.36543E+04   2.44746E+19   1.40416E+11   8.87922E+06   5.68926E+08   8.36775E+06   2.99981E-07   2.90444E+08   5.35180E+04   3.12256E+07
   5.50351E-05   1.20367E+02   4.99630E+06   7.31261E+05   2.44746E+19   4.41530E+11   5.65642E+07   3.93984E+09   5.94995E+07   4.00926E-05   2.02814E+09   7.28841E+05   8.74529E+06
   5.97190E-05   1.28880E+02   1.12512E+07   6.23708E+06   2.44746E+19   1.12627E+12   1.62113E+08   1.18253E+10   1.81175E+08   1.73008E-03   7.18913E+09   6.21907E+06   2.91799E+06
   6.44028E-05   1.35620E+02   1.98994E+07   4.38632E+07   2.44746E+19   2.54191E+12   3.41078E+08   2.56432E+10   3.97002E+08   4.51592E-02   2.02571E+10   4.37657E+07   1.15314E+06
   6.67447E-05   1.40151E+02   2.95123E+07   1.02364E+08   2.44746E+19   3.69145E+12   5.63076E+08   4.31262E+10   6.71726E+08   2.01592E-01   3.23894E+10   1.02156E+08   4.69914E+05
   7.02576E-05   1.43312E+02   3.75940E+07   3.42750E+08   2.44746E+19   6.02145E+12   7.77618E+08   6.00550E+10   9.40758E+08   1.39520E+00   5.91855E+10   3.42190E+08   3.23673E+05
   7.37705E-05   1.46620E+02   4.35645E+07   9.56077E+08   2.44746E+19   8.82842E+12   9.82906E+08   7.63590E+10   1.20385E+09   7.08755E+00   9.49436E+10   9.54889E+08   1.83311E+05
   7.96253E-05   1.50183E+02   4.79358E+07   3.68609E+09   2.44746E+19   1.40239E+13   1.21614E+09   9.39918E+10   1.49731E+09   5.59260E+01   1.69854E+11   3.68354E+09   1.04501E+05
   8.54801E-05   1.53732E+02   5.03961E+07   1.00477E+10   2.44746E+19   1.93018E+13   1.45090E+09   1.11059E+11   1.78847E+09   2.63942E+02   2.57923E+11   1.00457E+10   4.96254E+04
   9.25059E-05   1.56468E+02   4.97976E+07   2.48296E+10   2.44746E+19   2.49190E+13   1.63819E+09   1.22891E+11   2.00289E+09   1.02767E+03   3.67841E+11   2.48403E+10   2.84369E+04
   9.71897E-05   1.58225E+02   4.69384E+07   3.98048E+10   2.44746E+19   2.78939E+13   1.69179E+09   1.25072E+11   2.05416E+09   2.08356E+03   4.36715E+11   3.98411E+10   1.86579E+04
   1.06557E-04   1.59262E+02   4.12108E+07   8.12479E+10   2.44746E+19   3.15773E+13   1.68528E+09   1.20932E+11   2.00915E+09   5.54375E+03   5.48358E+11   8.14147E+10   1.64645E+04
   1.14754E-04   1.59664E+02   3.31100E+07   1.26925E+11   2.44746E+19   3.24975E+13   1.50690E+09   1.05280E+11   1.76575E+09   9.80478E+03   6.11818E+11   1.27335E+11   1.60162E+04
   1.21780E-04   1.59109E+02   2.50752E+07   1.69117E+11   2.44746E+19   3.17930E+13   1.25654E+09   8.53557E+10   1.44441E+09   1.33790E+04   6.38836E+11   1.69853E+11   2.02131E+04
   1.28806E-04   1.57888E+02   1.75190E+07   2.10594E+11   2.44746E+19   3.00203E+13   9.80684E+08   6.44639E+10   1.10215E+09   1.60676E+04   6.43306E+11   2.11764E+11   3.08069E+04
   1.37002E-04   1.55735E+02   1.07524E+07   2.54877E+11   2.44746E+19   2.71863E+13   6.98833E+08   4.40639E+10   7.63468E+08   1.76022E+04   6.28968E+11   2.56668E+11   6.21554E+04
   1.48712E-04   1.51246E+02   5.09814E+06   3.07656E+11   2.44746E+19   2.28517E+13   4.20294E+08   2.49973E+10   4.41694E+08   1.69896E+04   5.92440E+11   3.10485E+11   2.57965E+05
   1.60422E-04   1.43513E+02   1.54091E+06   3.48852E+11   2.44746E+19   1.89485E+13   2.37846E+08   1.30097E+10   2.37613E+08   1.34528E+04   5.53834E+11   3.52832E+11   2.84425E+06
   1.73302E-04   1.31956E+02   3.18094E+05   3.83579E+11   2.44746E+19   1.55374E+13   1.43885E+08   7.47607E+09   1.39875E+08   8.74083E+03   5.18159E+11   3.88905E+11   8.67029E+07
   1.88525E-04   1.14450E+02   7.90941E+04   4.13944E+11   2.44746E+19   1.25359E+13   9.11842E+07   4.67612E+09   8.81386E+07   4.25472E+03   4.76440E+11   4.20928E+11   9.83419E+09
   2.07260E-04   8.77751E+01   1.18131E+05   4.16117E+11   2.44746E+19   9.89184E+12   5.66353E+07   2.89643E+09   5.46576E+07   3.56955E+03   4.01407E+10   4.23363E+11   4.43709E+11
   2.22482E-04   5.66951E+01   4.07495E+05   4.15914E+11   2.44746E+19   8.28327E+12   3.95451E+07   2.02013E+09   3.81789E+07   1.12152E+03   1.42320E+08   4.23223E+11   4.83848E+11
   2.42389E-04   2.11452E+01   1.68002E+06   4.15643E+11   2.44746E+19   6.66824E+12   2.55808E+07   1.30737E+09   2.47282E+07   2.79191E+02   2.13382E+06   4.23031E+11   4.84173E+11
   2.50000E-04   7.85506E+00   1.33046E+06   4.15539E+11   2.44746E+19   6.16053E+12   2.18329E+07   1.11575E+09   2.11059E+07   2.07985E+02   1.06994E+06   4.22958E+11   4.84246E+11
   2.57026E-04   2.28291E+01   9.72588E+05   4.15443E+11   2.44746E+19   5.73520E+12   1.89218E+07   9.66915E+08   1.82922E+07   2.94068E+02   2.42590E+06   4.22891E+11   4.84310E+11
   2.65223E-04   3.93613E+01   1.67993E+06   4.15332E+11   2.44746E+19   5.28506E+12   1.60777E+07   8.21191E+08   1.55345E+07   5.43907E+02   1.28100E+07   4.22812E+11   4.84376E+11
   2.74590E-04   5.80379E+01   2.70986E+06   4.15207E+11   2.44746E+19   4.82845E+12   1.39581E+07   7.02576E+08   1.31494E+07   1.18505E+03   1.75970E+08   4.22725E+11   4.84296E+11
   2.82787E-04   7.61879E+01   3.29342E+06   4.15139E+11   2.44746E+19   4.49777E+12   1.59063E+07   7.87781E+08   1.37392E+07   2.44140E+03   4.19652E+09   4.22699E+11   4.80316E+11
   2.90984E-04   9.24698E+01   1.40914E+06   4.15965E+11   2.44746E+19   4.20251E+12   1.53152E+07   8.06543E+08   1.38544E+07   3.86800E+03   9.65501E+10   4.23749E+11   3.86977E+11
   2.99180E-04   1.07939E+02   1.19630E+06   4.19804E+11   2.44746E+19   3.95774E+12   1.78751E+07   1.02823E+09   1.70675E+07   3.49976E+03   4.32573E+11   4.28433E+11   4.65064E+10
   3.05035E-04   1.20367E+02   4.99630E+06   4.22762E+11   2.44746E+19   4.05123E+12   6.58779E+07   4.41399E+09   6.85175E+07   5.44550E+03   4.75148E+11   4.32031E+11   2.04882E+09
   3.09719E-04   1.28880E+02   1.12512E+07   4.25349E+11   2.44746E+19   4.57144E+12   1.73362E+08   1.23953E+10   1.92089E+08   7.89229E+03   4.79070E+11   4.35124E+11   1.94449E+08
   3.14403E-04   1.35620E+02   1.98994E+07   4.28572E+11   2.44746E+19   5.81500E+12   3.56733E+08   2.64341E+10   4.12209E+08   1.06865E+04   4.88609E+11   4.38854E+11   2.78142E+07
   3.16745E-04   1.40151E+02   2.95123E+07   4.30614E+11   2.44746E+19   6.87257E+12   5.82279E+08   4.40928E+10   6.90408E+08   1.31151E+04   4.98519E+11   4.41154E+11   7.23264E+06
   3.20258E-04   1.43312E+02   3.75940E+07   4.34657E+11   2.44746E+19   9.05119E+12   8.03731E+08   6.13715E+10   9.66145E+08   1.56476E+04   5.21118E+11   4.45595E+11   2.84988E+06
   3.23770E-04   1.46620E+02   4.35645E+07   4.40277E+11   2.44746E+19   1.16885E+13   1.01648E+09   7.80547E+10   1.23648E+09   1.90324E+04   5.51449E+11   4.51636E+11   1.06470E+06
   3.29625E-04   1.50183E+02   4.79358E+07   4.54379E+11   2.44746E+19   1.65621E+13   1.26064E+09   9.62483E+10   1.54047E+09   2.50050E+04   6.14212E+11   4.66514E+11   3.77887E+05
   3.35480E-04   1.53732E+02   5.03961E+07   4.75721E+11   2.44746E+19   2.14865E+13   1.50205E+09   1.13660E+11   1.83802E+09   3.33379E+04   6.86406E+11   4.88752E+11   1.32067E+05
   3.42506E-04   1.56468E+02   4.97976E+07   5.12288E+11   2.44746E+19   2.66739E+13   1.69023E+09   1.25545E+11   2.05324E+09   4.46535E+04   7.73272E+11   5.26599E+11   5.97796E+04
   3.47190E-04   1.58225E+02   4.69384E+07   5.43255E+11   2.44746E+19   2.93794E+13   1.74072E+09   1.27571E+11   2.10148E+09   5.38112E+04   8.25181E+11   5.58565E+11   3.52544E+04
   3.56557E-04   1.59262E+02   4.12108E+07   6.17469E+11   2.44746E+19   3.26042E+13   1.72322E+09   1.22874E+11   2.04580E+09   6.93541E+04   9.01804E+11   6.35159E+11   2.70768E+04
   3.64754E-04   1.59664E+02   3.31100E+07   6.90436E+11   2.44746E+19   3.32226E+13   1.53436E+09   1.06688E+11   1.79226E+09   8.16238E+04   9.35714E+11   7.10629E+11   2.44952E+04
   3.71780E-04   1.59109E+02   2.50752E+07   7.53720E+11   2.44746E+19   3.23274E+13   1.27628E+09   8.63687E+10   1.46347E+09   8.77342E+04   9.39540E+11   7.76338E+11   2.97276E+04
   3.78806E-04   1.57888E+02   1.75190E+07   8.13622E+11   2.44746E+19   3.04148E+13   9.94427E+08   6.51695E+10   1.11541E+09   8.91315E+04   9.23395E+11   8.38862E+11   4.42200E+04
   3.87002E-04   1.55735E+02   1.07524E+07   8.75904E+11   2.44746E+19   2.74658E+13   7.07639E+08   4.45162E+10   7.71963E+08   8.54648E+04   8.88460E+11   9.04363E+11   8.77986E+04
   3.98712E-04   1.51246E+02   5.09814E+06   9.48546E+11   2.44746E+19   2.30268E+13   4.24927E+08   2.52352E+10   4.46163E+08   7.32488E+04   8.28372E+11   9.81740E+11   3.60696E+05
   4.10422E-04   1.43513E+02   1.54091E+06   1.00421E+12   2.44746E+19   1.90610E+13   2.40312E+08   1.31363E+10   2.39992E+08   5.39598E+04   7.71668E+11   1.04218E+12   3.96295E+06
   4.23302E-04   1.31956E+02   3.18094E+05   1.05035E+12   2.44746E+19   1.56079E+13   1.45151E+08   7.54105E+09   1.41096E+08   3.32889E+04   7.20642E+11   1.09357E+12   1.20584E+08
   4.38525E-04   1.14450E+02   7.90941E+04   1.08980E+12   2.44746E+19   1.25766E+13   9.17723E+07   4.70631E+09   8.87059E+07   1.55532E+04   6.61529E+11   1.13921E+12   1.36546E+10
   4.57260E-04   8.77751E+01   1.18131E+05   1.09129E+12   2.44746E+19   9.91977E+12   5.69540E+07   2.91274E+09   5.49654E+07   1.30160E+04   5.58113E+10   1.14166E+12   6.16929E+11
   4.72482E-04   5.66951E+01   4.07495E+05   1.08994E+12   2.44746E+19   8.30500E+12   3.97527E+07   2.03074E+09   3.83794E+07   4.09207E+03   1.98168E+08   1.14053E+12   6.73671E+11
   4.92389E-04   2.11452E+01   1.68002E+06   1.08816E+12   2.44746E+19   6.68435E+12   2.57046E+07   1.31369E+09   2.48478E+07   1.01952E+03   2.97935E+06   1.13904E+12   6.75343E+11
   5.00000E-04   7.85506E+00   1.33046E+06   1.08748E+12   2.44746E+19   6.17501E+12   2.19357E+07   1.12100E+09   2.12052E+07   7.59735E+02   1.49563E+06   1.13848E+12   6.75908E+11
   5.07026E-04   2.28291E+01   9.72588E+05   1.08685E+12   2.44746E+19   5.74836E+12   1.90088E+07   9.71360E+08   1.83762E+07   1.07449E+03   3.39139E+06   1.13795E+12   6.76427E+11
   5.15223E-04   3.93613E+01   1.67992E+06   1.08612E+12   2.44746E+19   5.29687E+12   1.61496E+07   8.24866E+08   1.56040E+07   1.98803E+03   1.79107E+07   1.13735E+12   6.77017E+11
   5.24590E-04   5.80379E+01   2.70986E+06   1.08529E+12   2.44746E+19   4.83891E+12   1.40163E+07   7.05546E+08   1.32056E+07   4.33310E+03   2.46175E+08   1.13665E+12   6.77473E+11
   5.32787E-04   7.61879E+01   3.29342E+06   1.08461E+12   2.44746E+19   4.50720E+12   1.59552E+07   7.90280E+08   1.37865E+07   8.92910E+03   5.87461E+09   1.13613E+12   6.72380E+11
   5.40984E-04   9.24698E+01   1.40914E+06   1.08498E+12   2.44746E+19   4.21066E+12   1.53548E+07   8.08576E+08   1.38926E+07   1.41287E+04   1.35208E+11   1.13732E+12   5.41918E+11
   5.49180E-04   1.07939E+02   1.19630E+06   1.08888E+12   2.44746E+19   3.96346E+12   1.79013E+07   1.02957E+09   1.70927E+07   1.27025E+04   6.05306E+11   1.14430E+12   6.50772E+10
   5.55035E-04   1.20367E+02   4.99630E+06   1.09193E+12   2.44746E+19   4.05527E+12   6.58964E+07   4.41489E+09   6.85357E+07   1.96514E+04   6.63873E+11   1.14966E+12   2.86260E+09
   5.59719E-04   1.28880E+02   1.12512E+07   1.09467E+12   2.44746E+19   4.57412E+12   1.73376E+08   1.23960E+10   1.92102E+08   2.82819E+04   6.67058E+11   1.15423E+12   2.70752E+08
   5.64403E-04   1.35620E+02   1.98994E+07   1.09827E+12   2.44746E+19   5.81617E+12   3.56741E+08   2.64345E+10   4.12216E+08   3.78317E+04   6.74973E+11   1.15965E+12   3.84230E+07
   5.66745E-04   1.40151E+02   2.95123E+07   1.10064E+12   2.44746E+19   6.87287E+12   5.82281E+08   4.40930E+10   6.90410E+08   4.59895E+04   6.83903E+11   1.16294E+12   9.92223E+06
   5.70258E-04   1.43312E+02   3.75940E+07   1.10548E+12   2.44746E+19   9.04993E+12   8.03717E+08   6.13707E+10   9.66133E+08   5.38208E+04   7.04707E+11   1.16917E+12   3.85389E+06
   5.73770E-04   1.46620E+02   4.35645E+07   1.11233E+12   2.44746E+19   1.16853E+13   1.01644E+09   7.80527E+10   1.23643E+09   6.39007E+04   7.32787E+11   1.17746E+12   1.41481E+06
   5.79625E-04   1.50183E+02   4.79358E+07   1.12955E+12   2.44746E+19   1.65550E+13   1.26051E+09   9.62416E+10   1.54034E+09   8.00234E+04   7.90639E+11   1.19724E+12   4.86431E+05
   5.85480E-04   1.53732E+02   5.03961E+07   1.15528E+12   2.44746E+19   2.14749E+13   1.50177E+09   1.13645E+11   1.83774E+09   1.01038E+05   8.56523E+11   1.22578E+12   1.64799E+05
   5.92506E-04   1.56468E+02   4.97976E+07   1.19844E+12   2.44746E+19   2.66568E+13   1.68971E+09   1.25518E+11   2.05273E+09   1.26232E+05   9.34294E+11   1.27272E+12   7.22278E+04
   5.97190E-04   1.58225E+02   4.69384E+07   1.23431E+12   2.44746E+19   2.93589E+13   1.74004E+09   1.27536E+11   2.10081E+09   1.45151E+05   9.79515E+11   1.31137E+12   4.18480E+04
   6.06557E-04   1.59262E+02   4.12108E+07   1.31859E+12   2.44746E+19   3.25786E+13   1.72226E+09   1.22825E+11   2.04488E+09   1.71200E+05   1.04229E+12   1.40180E+12   3.12949E+04
   6.14754E-04   1.59664E+02   3.31100E+07   1.39981E+12   2.44746E+19   3.31944E+13   1.53328E+09   1.06634E+11   1.79121E+09   1.88278E+05   1.06445E+12   1.48902E+12   2.78653E+04
   6.21780E-04   1.59109E+02   2.50752E+07   1.46931E+12   2.44746E+19   3.22982E+13   1.27520E+09   8.63135E+10   1.46242E+09   1.92798E+05   1.05902E+12   1.56398E+12   3.35080E+04
   6.28806E-04   1.57888E+02   1.75190E+07   1.53443E+12   2.44746E+19   3.03854E+13   9.93401E+08   6.51171E+10   1.11441E+09   1.88357E+05   1.03463E+12   1.63475E+12   4.95466E+04
   6.37002E-04   1.55735E+02   1.07524E+07   1.60148E+12   2.44746E+19   2.74369E+13   7.06726E+08   4.44694E+10   7.71081E+08   1.74384E+05   9.91448E+11   1.70849E+12   9.79760E+04
   6.48712E-04   1.51246E+02   5.09814E+06   1.67876E+12   2.44746E+19   2.29992E+13   4.24196E+08   2.51977E+10   4.45456E+08   1.44290E+05   9.21971E+11   1.79526E+12   4.01451E+05
   6.60422E-04   1.43513E+02   1.54091E+06   1.73705E+12   2.44746E+19   1.90351E+13   2.39744E+08   1.31073E+10   2.39442E+08   1.03797E+05   8.58127E+11   1.86284E+12   4.40697E+06
   6.73302E-04   1.31956E+02   3.18094E+05   1.78438E+12   2.44746E+19   1.55838E+13   1.44719E+08   7.51896E+09   1.40678E+08   6.28697E+04   8.01133E+11   1.92019E+12   1.34053E+08
   6.88525E-04   1.14450E+02   7.90941E+04   1.82360E+12   2.44746E+19   1.25546E+13   9.14546E+07   4.69010E+09   8.83984E+07   2.89296E+04   7.35337E+11   1.97099E+12   1.51781E+10
   7.07260E-04   8.77751E+01   1.18131E+05   1.82216E+12   2.44746E+19   9.90353E+12   5.67690E+07   2.90327E+09   5.47865E+07   2.42346E+04   6.22353E+10   1.97134E+12   6.87938E+11
   7.22482E-04   5.66951E+01   4.07495E+05   1.81835E+12   2.44746E+19   8.29210E+12   3.96295E+07   2.02444E+09   3.82603E+07   7.63411E+03   2.21630E+08   1.96796E+12   7.53334E+11
   7.42389E-04   2.11452E+01   1.68002E+06   1.81338E+12   2.44746E+19   6.67448E+12   2.56290E+07   1.30982E+09   2.47745E+07   1.90684E+03   3.35042E+06   1.96354E+12   7.57959E+11
   7.50000E-04   7.85506E+00   1.33046E+06   1.81148E+12   2.44746E+19   6.16602E+12   2.18722E+07   1.11774E+09   2.11436E+07   1.42232E+03   1.68575E+06   1.96186E+12   7.59640E+11
   7.57026E-04   2.28291E+01   9.72588E+05   1.80973E+12   2.44746E+19   5.74009E+12   1.89542E+07   9.68561E+08   1.83233E+07   2.01334E+03   3.82327E+06   1.96031E+12   7.61186E+11
   7.65223E-04   3.93613E+01   1.67993E+06   1.80770E+12   2.44746E+19   5.28935E+12   1.61040E+07   8.22526E+08   1.55597E+07   3.72889E+03   2.01978E+07   1.95850E+12   7.62969E+11
   7.74590E-04   5.80379E+01   2.70986E+06   1.80538E+12   2.44746E+19   4.83216E+12   1.39789E+07   7.03627E+08   1.31693E+07   8.13680E+03   2.77921E+08   1.95645E+12   7.64756E+11
   7.82787E-04   7.61879E+01   3.29342E+06   1.80340E+12   2.44746E+19   4.50100E+12   1.59233E+07   7.88640E+08   1.37554E+07   1.67833E+04   6.64103E+09   1.95476E+12   7.60094E+11
   7.90984E-04   9.24698E+01   1.40914E+06   1.80235E+12   2.44746E+19   4.20480E+12   1.53266E+07   8.07127E+08   1.38651E+07   2.65611E+04   1.53013E+11   1.95526E+12   6.13283E+11
   7.99180E-04   1.07939E+02   1.19630E+06   1.80445E+12   2.44746E+19   3.95731E+12   1.78735E+07   1.02815E+09   1.70656E+07   2.38217E+04   6.85004E+11   1.96314E+12   7.36457E+10
   8.05035E-04   1.20367E+02   4.99630E+06   1.80620E+12   2.44746E+19   4.04889E+12   6.58676E+07   4.41350E+09   6.85070E+07   3.67739E+04   7.51031E+11   1.96924E+12   3.23843E+09
   8.09719E-04   1.28880E+02   1.12512E+07   1.80796E+12   2.44746E+19   4.56754E+12   1.73342E+08   1.23943E+10   1.92069E+08   5.27955E+04   7.53953E+11   1.97441E+12   3.06022E+08
   8.14403E-04   1.35620E+02   1.98994E+07   1.81068E+12   2.44746E+19   5.80932E+12   3.56696E+08   2.64322E+10   4.12172E+08   7.03403E+04   7.61201E+11   1.98052E+12   4.33315E+07
   8.16745E-04   1.40151E+02   2.95123E+07   1.81269E+12   2.44746E+19   6.86584E+12   5.82226E+08   4.40902E+10   6.90356E+08   8.52466E+04   7.69718E+11   1.98422E+12   1.11673E+07
   8.20258E-04   1.43312E+02   3.75940E+07   1.81711E+12   2.44746E+19   9.04253E+12   8.03640E+08   6.13668E+10   9.66058E+08   9.91446E+04   7.89755E+11   1.99122E+12   4.31900E+06
   8.23770E-04   1.46620E+02   4.35645E+07   1.82373E+12   2.44746E+19   1.16774E+13   1.01634E+09   7.80474E+10   1.23633E+09   1.16790E+05   8.16849E+11   2.00050E+12   1.57712E+06
   8.29625E-04   1.50183E+02   4.79358E+07   1.84104E+12   2.44746E+19   1.65460E+13   1.26034E+09   9.62330E+10   1.54018E+09   1.43939E+05   8.72506E+11   2.02247E+12   5.36799E+05
   8.35480E-04   1.53732E+02   5.03961E+07   1.86741E+12   2.44746E+19   2.14645E+13   1.50151E+09   1.13633E+11   1.83749E+09   1.78391E+05   9.35525E+11   2.05387E+12   1.79999E+05
   8.42506E-04   1.56468E+02   4.97976E+07   1.91191E+12   2.44746E+19   2.66447E+13   1.68934E+09   1.25500E+11   2.05237E+09   2.17523E+05   1.00913E+12   2.10497E+12   7.80128E+04
   8.47190E-04   1.58225E+02   4.69384E+07   1.94889E+12   2.44746E+19   2.93458E+13   1.73960E+09   1.27514E+11   2.10038E+09   2.45984E+05   1.05127E+12   2.14669E+12   4.49135E+04
   8.56557E-04   1.59262E+02   4.12108E+07   2.03540E+12   2.44746E+19   3.25639E+13   1.72171E+09   1.22797E+11   2.04435E+09   2.80859E+05   1.10767E+12   2.24349E+12   3.32579E+04
   8.64754E-04   1.59664E+02   3.31100E+07   2.11829E+12   2.44746E+19   3.31791E+13   1.53270E+09   1.06604E+11   1.79065E+09   3.00987E+05   1.12445E+12   2.33608E+12   2.94359E+04
   8.71780E-04   1.59109E+02   2.50752E+07   2.18879E+12   2.44746E+19   3.22826E+13   1.27462E+09   8.62841E+10   1.46186E+09   3.02349E+05   1.11482E+12   2.41525E+12   3.52734E+04
   8.78806E-04   1.57888E+02   1.75190E+07   2.25444E+12   2.44746E+19   3.03700E+13   9.92865E+08   6.50898E+10   1.11389E+09   2.90690E+05   1.08674E+12   2.48970E+12   5.20422E+04
   8.87002E-04   1.55735E+02   1.07524E+07   2.32153E+12   2.44746E+19   2.74220E+13   7.06255E+08   4.44452E+10   7.70626E+08   2.65166E+05   1.03997E+12   2.56703E+12   1.02771E+05
   8.98712E-04   1.51246E+02   5.09814E+06   2.39789E+12   2.44746E+19   2.29852E+13   4.23826E+08   2.51789E+10   4.45099E+08   2.16073E+05   9.66576E+11   2.65771E+12   4.20874E+05
   9.10422E-04   1.43513E+02   1.54091E+06   2.45439E+12   2.44746E+19   1.90220E+13   2.39457E+08   1.30926E+10   2.39165E+08   1.53814E+05   8.99970E+11   2.72805E+12   4.62185E+06
   9.23302E-04   1.31956E+02   3.18094E+05   2.49903E+12   2.44746E+19   1.55716E+13   1.44500E+08   7.50778E+09   1.40467E+08   9.24198E+04   8.40898E+11   2.78747E+12   1.40706E+08
   9.38525E-04   1.14450E+02   7.90941E+04   2.53436E+12   2.44746E+19   1.25434E+13   9.12929E+07   4.68181E+09   8.82420E+07   4.22553E+04   7.72836E+11   2.83977E+12   1.59521E+10
   9.57260E-04   8.77751E+01   1.18131E+05   2.52826E+12   2.44746E+19   9.89516E+12   5.66741E+07   2.89840E+09   5.46946E+07   3.55125E+04   6.57278E+10   2.83630E+12   7.26542E+11
   9.72482E-04   5.66951E+01   4.07495E+05   2.52075E+12   2.44746E+19   8.28537E+12   3.95656E+07   2.02116E+09   3.81983E+07   1.12232E+04   2.35079E+08   2.82944E+12   7.98900E+11
   9.92389E-04   2.11452E+01   1.68002E+06   2.51099E+12   2.44746E+19   6.66927E+12   2.55892E+07   1.30778E+09   2.47358E+07   2.81493E+03   3.58187E+06   2.82050E+12   8.08057E+11
   1.00000E-03   7.85506E+00   1.33046E+06   2.50728E+12   2.44746E+19   6.16127E+12   2.18387E+07   1.11602E+09   2.11110E+07   2.10291E+03   1.80803E+06   2.81710E+12   8.11454E+11
   1.00703E-03   2.28291E+01   9.72588E+05   2.50385E+12   2.44746E+19   5.73570E+12   1.89255E+07   9.67082E+08   1.82953E+07   2.98094E+03   4.10189E+06   2.81397E+12   8.14577E+11
   1.01522E-03   3.93613E+01   1.67992E+06   2.49987E+12   2.44746E+19   5.28533E+12   1.60798E+07   8.21275E+08   1.55361E+07   5.52994E+03   2.16794E+07   2.81033E+12   8.18194E+11
   1.02459E-03   5.80379E+01   2.70986E+06   2.49533E+12   2.44746E+19   4.82851E+12   1.39589E+07   7.02597E+08   1.31497E+07   1.20889E+04   2.98786E+08   2.80619E+12   8.22047E+11
   1.03279E-03   7.61879E+01   3.29342E+06   2.49141E+12   2.44746E+19   4.49764E+12   1.59061E+07   7.87751E+08   1.37386E+07   2.49738E+04   7.15310E+09   2.80270E+12   8.18690E+11
   1.04098E-03   9.24698E+01   1.40914E+06   2.48824E+12   2.44746E+19   4.20156E+12   1.53111E+07   8.06314E+08   1.38500E+07   3.95627E+04   1.65089E+11   2.80184E+12   6.61681E+11
   1.04918E-03   1.07939E+02   1.19630E+06   2.48760E+12   2.44746E+19   3.95379E+12   1.78578E+07   1.02733E+09   1.70502E+07   3.54543E+04   7.39527E+11   2.80981E+12   7.95075E+10
   1.05504E-03   1.20367E+02   4.99630E+06   2.48737E+12   2.44746E+19   4.04516E+12   6.58500E+07   4.41254E+09   6.84902E+07   5.46869E+04   8.11012E+11   2.81605E+12   3.49706E+09
   1.05972E-03   1.28880E+02   1.12512E+07   2.48759E+12   2.44746E+19   4.56364E+12   1.73322E+08   1.23933E+10   1.92049E+08   7.84316E+04   8.14043E+11   2.82134E+12   3.30412E+08
   1.06440E-03   1.35620E+02   1.98994E+07   2.48886E+12   2.44746E+19   5.80518E+12   3.56669E+08   2.64308E+10   4.12145E+08   1.04297E+05   8.21123E+11   2.82764E+12   4.67426E+07
   1.06674E-03   1.40151E+02   2.95123E+07   2.49018E+12   2.44746E+19   6.86155E+12   5.82193E+08   4.40885E+10   6.90324E+08   1.26204E+05   8.29502E+11   2.83148E+12   1.20346E+07
   1.07026E-03   1.43312E+02   3.75940E+07   2.49368E+12   2.44746E+19   9.03794E+12   8.03593E+08   6.13644E+10   9.66012E+08   1.46306E+05   8.49224E+11   2.83880E+12   4.64422E+06
   1.07377E-03   1.46620E+02   4.35645E+07   2.49950E+12   2.44746E+19   1.16724E+13   1.01627E+09   7.80440E+10   1.23627E+09   1.71629E+05   8.75847E+11   2.84854E+12   1.69103E+06
   1.07963E-03   1.50183E+02   4.79358E+07   2.51583E+12   2.44746E+19   1.65401E+13   1.26023E+09   9.62274E+10   1.54007E+09   2.09734E+05   9.30320E+11   2.87169E+12   5.72368E+05
   1.08548E-03   1.53732E+02   5.03961E+07   2.54160E+12   2.44746E+19   2.14575E+13   1.50134E+09   1.13624E+11   1.83733E+09   2.57371E+05   9.91664E+11   2.90476E+12   1.90800E+05
   1.09251E-03   1.56468E+02   4.97976E+07   2.58578E+12   2.44746E+19   2.66364E+13   1.68909E+09   1.25488E+11   2.05213E+09   3.09820E+05   1.06271E+12   2.95840E+12   8.21555E+04
   1.09719E-03   1.58225E+02   4.69384E+07   2.62268E+12   2.44746E+19   2.93367E+13   1.73928E+09   1.27497E+11   2.10008E+09   3.47305E+05   1.10293E+12   3.00205E+12   4.71205E+04
   1.10656E-03   1.59262E+02   4.12108E+07   2.70911E+12   2.44746E+19   3.25535E+13   1.72133E+09   1.22778E+11   2.04397E+09   3.89902E+05   1.15529E+12   3.10288E+12   3.46877E+04
   1.11475E-03   1.59664E+02   3.31100E+07   2.79172E+12   2.44746E+19   3.31681E+13   1.53228E+09   1.06582E+11   1.79024E+09   4.12279E+05   1.16866E+12   3.19888E+12   3.05933E+04
   1.12178E-03   1.59109E+02   2.50752E+07   2.86169E+12   2.44746E+19   3.22716E+13   1.27421E+09   8.62632E+10   1.46147E+09   4.10053E+05   1.15640E+12   3.28067E+12   3.65891E+04
   1.12881E-03   1.57888E+02   1.75190E+07   2.92651E+12   2.44746E+19   3.03590E+13   9.92478E+08   6.50700E+10   1.11352E+09   3.91007E+05   1.12606E+12   3.35737E+12   5.39254E+04
   1.13700E-03   1.55735E+02   1.07524E+07   2.99222E+12   2.44746E+19   2.74111E+13   7.05912E+08   4.44278E+10   7.70293E+08   3.54006E+05   1.07718E+12   3.43682E+12   1.06448E+05
   1.14871E-03   1.51246E+02   5.09814E+06   3.06596E+12   2.44746E+19   2.29747E+13   4.23549E+08   2.51647E+10   4.44830E+08   2.86307E+05   1.00168E+12   3.52960E+12   4.36158E+05
   1.16042E-03   1.43513E+02   1.54091E+06   3.11925E+12   2.44746E+19   1.90119E+13   2.39238E+08   1.30814E+10   2.38952E+08   2.02834E+05   9.33829E+11   3.60119E+12   4.79574E+06
   1.17330E-03   1.31956E+02   3.18094E+05   3.15985E+12   2.44746E+19   1.55621E+13   1.44330E+08   7.49907E+09   1.40302E+08   1.21474E+05   8.74111E+11   3.66125E+12   1.46264E+08
   1.18853E-03   1.14450E+02   7.90941E+04   3.18990E+12   2.44746E+19   1.25344E+13   9.11644E+07   4.67521E+09   8.81175E+07   5.54223E+04   8.05344E+11   3.71359E+12   1.66231E+10
   1.20726E-03   8.77751E+01   1.18131E+05   3.17784E+12   2.44746E+19   9.88833E+12   5.65962E+07   2.89440E+09   5.46190E+07   4.67949E+04   6.89059E+10   3.70499E+12   7.61670E+11
   1.22248E-03   5.66951E+01   4.07495E+05   3.16562E+12   2.44746E+19   8.27986E+12   3.95134E+07   2.01847E+09   3.81475E+07   1.48494E+04   2.47727E+08   3.69362E+12   8.41697E+11
   1.24239E-03   2.11452E+01   1.68002E+06   3.14976E+12   2.44746E+19   6.66499E+12   2.55566E+07   1.30610E+09   2.47041E+07   3.74353E+03   3.80986E+06   3.67886E+12   8.56690E+11
   1.25000E-03   7.85506E+00   1.33046E+06   3.14373E+12   2.44746E+19   6.15736E+12   2.18112E+07   1.11460E+09   2.10842E+07   2.80192E+03   1.93035E+06   3.67325E+12   8.62293E+11
   1.25703E-03   2.28291E+01   9.72588E+05   3.13818E+12   2.44746E+19   5.73212E+12   1.89021E+07   9.65874E+08   1.82725E+07   3.97860E+03   4.38098E+06   3.66810E+12   8.67443E+11
   1.26522E-03   3.93613E+01   1.67993E+06   3.13173E+12   2.44746E+19   5.28205E+12   1.60601E+07   8.20257E+08   1.55168E+07   7.39519E+03   2.31668E+07   3.66210E+12   8.73412E+11
   1.27459E-03   5.80379E+01   2.70986E+06   3.12438E+12   2.44746E+19   4.82553E+12   1.39426E+07   7.01745E+08   1.31337E+07   1.62020E+04   3.19874E+08   3.65529E+12   8.79918E+11
   1.28279E-03   7.61879E+01   3.29342E+06   3.11800E+12   2.44746E+19   4.49488E+12   1.58921E+07   7.87020E+08   1.37248E+07   3.35328E+04   7.67460E+09   3.64949E+12   8.78365E+11
   1.29098E-03   9.24698E+01   1.40914E+06   3.11219E+12   2.44746E+19   4.19888E+12   1.52984E+07   8.05655E+08   1.38375E+07   5.31969E+04   1.77478E+11   3.64678E+12   7.11337E+11
   1.29918E-03   1.07939E+02   1.19630E+06   3.10825E+12   2.44746E+19   3.95079E+12   1.78444E+07   1.02664E+09   1.70369E+07   4.76735E+04   7.95844E+11   3.65443E+12   8.55622E+10
   1.30504E-03   1.20367E+02   4.99630E+06   3.10565E+12   2.44746E+19   4.04190E+12   6.58352E+07   4.41177E+09   6.84755E+07   7.35207E+04   8.73257E+11   3.66052E+12   3.76546E+09
   1.30972E-03   1.28880E+02   1.12512E+07   3.10401E+12   2.44746E+19   4.56016E+12   1.73303E+08   1.23923E+10   1.92032E+08   1.05392E+05   8.76631E+11   3.66571E+12   3.55816E+08
   1.31440E-03   1.35620E+02   1.98994E+07   3.10352E+12   2.44746E+19   5.80143E+12   3.56644E+08   2.64295E+10   4.12121E+08   1.39977E+05   8.83765E+11   3.67198E+12   5.03085E+07
   1.31674E-03   1.40151E+02   2.95123E+07   3.10402E+12   2.44746E+19   6.85763E+12   5.82162E+08   4.40869E+10   6.90294E+08   1.69188E+05   8.92113E+11   3.67585E+12   1.29430E+07
   1.32026E-03   1.43312E+02   3.75940E+07   3.10637E+12   2.44746E+19   9.03368E+12   8.03549E+08   6.13622E+10   9.65969E+08   1.95657E+05   9.11675E+11   3.68333E+12   4.98575E+06
   1.32377E-03   1.46620E+02   4.35645E+07   3.11120E+12   2.44746E+19   1.16677E+13   1.01621E+09   7.80409E+10   1.23621E+09   2.28788E+05   9.37975E+11   3.69339E+12   1.81098E+06
   1.32963E-03   1.50183E+02   4.79358E+07   3.12623E+12   2.44746E+19   1.65344E+13   1.26012E+09   9.62220E+10   1.53996E+09   2.77759E+05   9.91489E+11   3.71749E+12   6.10002E+05
   1.33548E-03   1.53732E+02   5.03961E+07   3.15114E+12   2.44746E+19   2.14506E+13   1.50117E+09   1.13616E+11   1.83716E+09   3.38307E+05   1.05136E+12   3.75203E+12   2.02285E+05
   1.34251E-03   1.56468E+02   4.97976E+07   3.19474E+12   2.44746E+19   2.66280E+13   1.68883E+09   1.25474E+11   2.05188E+09   4.03445E+05   1.12005E+12   3.80803E+12   8.65883E+04
   1.34719E-03   1.58225E+02   4.69384E+07   3.23144E+12   2.44746E+19   2.93273E+13   1.73897E+09   1.27481E+11   2.09978E+09   4.49469E+05   1.15845E+12   3.85348E+12   4.94928E+04
   1.35656E-03   1.59262E+02   4.12108E+07   3.31755E+12   2.44746E+19   3.25427E+13   1.72091E+09   1.22755E+11   2.04358E+09   4.98841E+05   1.20698E+12   3.95815E+12   3.62396E+04
   1.36475E-03   1.59664E+02   3.31100E+07   3.39974E+12   2.44746E+19   3.31566E+13   1.53184E+09   1.06560E+11   1.78982E+09   5.22886E+05   1.21709E+12   4.05739E+12   3.18611E+04
   1.37178E-03   1.59109E+02   2.50752E+07   3.46909E+12   2.44746E+19   3.22598E+13   1.27378E+09   8.62409E+10   1.46104E+09   5.16836E+05   1.20233E+12   4.14168E+12   3.80423E+04
   1.37881E-03   1.57888E+02   1.75190E+07   3.53296E+12   2.44746E+19   3.03470E+13   9.92063E+08   6.50488E+10   1.11312E+09   4.90402E+05   1.16987E+12   4.22051E+12   5.60231E+04
   1.38700E-03   1.55735E+02   1.07524E+07   3.59716E+12   2.44746E+19   2.73993E+13   7.05542E+08   4.44092E+10   7.69934E+08   4.42115E+05   1.11904E+12   4.30190E+12   1.10584E+05
   1.39871E-03   1.51246E+02   5.09814E+06   3.66805E+12   2.44746E+19   2.29633E+13   4.23246E+08   2.51493E+10   4.44538E+08   3.56217E+05   1.04170E+12   4.39652E+12   4.53583E+05
   1.41042E-03   1.43513E+02   1.54091E+06   3.71783E+12   2.44746E+19   1.90009E+13   2.38997E+08   1.30691E+10   2.38719E+08   2.51873E+05   9.72899E+11   4.46906E+12   4.99639E+06
   1.42330E-03   1.31956E+02   3.18094E+05   3.75402E+12   2.44746E+19   1.55515E+13   1.44142E+08   7.48943E+09   1.40120E+08   1.50718E+05   9.12888E+11   4.52940E+12   1.52752E+08
   1.43853E-03   1.14450E+02   7.90941E+04   3.77830E+12   2.44746E+19   1.25245E+13   9.10222E+07   4.66794E+09   8.79797E+07   6.87751E+04   8.43741E+11   4.58134E+12   1.74156E+10
   1.45726E-03   8.77751E+01   1.18131E+05   3.75931E+12   2.44746E+19   9.88090E+12   5.65122E+07   2.89009E+09   5.45375E+07   5.83743E+04   7.26616E+10   4.56666E+12   8.03183E+11
   1.47248E-03   5.66951E+01   4.07495E+05   3.74159E+12   2.44746E+19   8.27390E+12   3.94569E+07   2.01557E+09   3.80927E+07   1.86050E+04   2.62662E+08   4.55000E+12   8.92236E+11
   1.49239E-03   2.11452E+01   1.68002E+06   3.71862E+12   2.44746E+19   6.66038E+12   2.55216E+07   1.30430E+09   2.46700E+07   4.71559E+03   4.07861E+06   4.52842E+12   9.14058E+11
   1.50000E-03   7.85506E+00   1.33046E+06   3.70990E+12   2.44746E+19   6.15315E+12   2.17817E+07   1.11307E+09   2.10554E+07   3.53639E+03   2.07442E+06   4.52024E+12   9.22238E+11
   1.50703E-03   2.28291E+01   9.72588E+05   3.70188E+12   2.44746E+19   5.72825E+12   1.88769E+07   9.64571E+08   1.82478E+07   5.03039E+03   4.70971E+06   4.51272E+12   9.29753E+11
   1.51522E-03   3.93613E+01   1.67992E+06   3.69256E+12   2.44746E+19   5.27855E+12   1.60392E+07   8.19173E+08   1.54963E+07   9.36894E+03   2.49186E+07   4.50398E+12   9.38461E+11
   1.52459E-03   5.80379E+01   2.70986E+06   3.68196E+12   2.44746E+19   4.82236E+12   1.39253E+07   7.00846E+08   1.31167E+07   2.05719E+04   3.44702E+08   4.49406E+12   9.48054E+11
   1.53279E-03   7.61879E+01   3.29342E+06   3.67274E+12   2.44746E+19   4.49196E+12   1.58773E+07   7.86249E+08   1.37102E+07   4.26568E+04   8.28832E+09   4.48558E+12   9.48592E+11
   1.54098E-03   9.24698E+01   1.40914E+06   3.66390E+12   2.44746E+19   4.19605E+12   1.52850E+07   8.04957E+08   1.38242E+07   6.77720E+04   1.92058E+11   4.48069E+12   7.69773E+11
   1.54918E-03   1.07939E+02   1.19630E+06   3.65629E+12   2.44746E+19   3.94754E+12   1.78299E+07   1.02589E+09   1.70227E+07   6.07562E+04   8.62218E+11   4.48784E+12   9.26981E+10
   1.55504E-03   1.20367E+02   4.99630E+06   3.65105E+12   2.44746E+19   4.03835E+12   6.58194E+07   4.41101E+09   6.84596E+07   9.37009E+04   9.46697E+11   4.49369E+12   4.08213E+09
   1.55972E-03   1.28880E+02   1.12512E+07   3.64736E+12   2.44746E+19   4.55634E+12   1.73284E+08   1.23914E+10   1.92012E+08   1.34280E+05   9.50537E+11   4.49870E+12   3.85813E+08
   1.56440E-03   1.35620E+02   1.98994E+07   3.64492E+12   2.44746E+19   5.79728E+12   3.56617E+08   2.64281E+10   4.12094E+08   1.78166E+05   9.57791E+11   4.50488E+12   5.45225E+07
   1.56674E-03   1.40151E+02   2.95123E+07   3.64451E+12   2.44746E+19   6.85327E+12   5.82129E+08   4.40852E+10   6.90261E+08   2.15131E+05   9.66132E+11   4.50876E+12   1.40169E+07
   1.57026E-03   1.43312E+02   3.75940E+07   3.64562E+12   2.44746E+19   9.02892E+12   8.03500E+08   6.13597E+10   9.65922E+08   2.48230E+05   9.85549E+11   4.51637E+12   5.38975E+06
   1.57377E-03   1.46620E+02   4.35645E+07   3.64938E+12   2.44746E+19   1.16624E+13   1.01614E+09   7.80374E+10   1.23614E+09   2.89407E+05   1.01151E+12   4.52677E+12   1.95296E+06
   1.57963E-03   1.50183E+02   4.79358E+07   3.66308E+12   2.44746E+19   1.65279E+13   1.26000E+09   9.62159E+10   1.53985E+09   3.49256E+05   1.06398E+12   4.55191E+12   6.54601E+05
   1.58548E-03   1.53732E+02   5.03961E+07   3.68719E+12   2.44746E+19   2.14428E+13   1.50098E+09   1.13605E+11   1.83697E+09   4.22536E+05   1.12220E+12   4.58810E+12   2.15915E+05
   1.59251E-03   1.56468E+02   4.97976E+07   3.73041E+12   2.44746E+19   2.66183E+13   1.68853E+09   1.25459E+11   2.05159E+09   4.99777E+05   1.18824E+12   4.64674E+12   9.18595E+04
   1.59719E-03   1.58225E+02   4.69384E+07   3.76709E+12   2.44746E+19   2.93165E+13   1.73861E+09   1.27463E+11   2.09942E+09   5.53894E+05   1.22458E+12   4.69425E+12   5.23181E+04
   1.60656E-03   1.59262E+02   4.12108E+07   3.85336E+12   2.44746E+19   3.25301E+13   1.72045E+09   1.22732E+11   2.04312E+09   6.09066E+05   1.26874E+12   4.80327E+12   3.80942E+04
   1.61475E-03   1.59664E+02   3.31100E+07   3.93554E+12   2.44746E+19   3.31431E+13   1.53132E+09   1.06533E+11   1.78932E+09   6.34174E+05   1.27515E+12   4.90622E+12   3.33810E+04
   1.62178E-03   1.59109E+02   2.50752E+07   4.00460E+12   2.44746E+19   3.22457E+13   1.27325E+09   8.62143E+10   1.46054E+09   6.24017E+05   1.25753E+12   4.99336E+12   3.97890E+04
   1.62881E-03   1.57888E+02   1.75190E+07   4.06782E+12   2.44746E+19   3.03329E+13   9.91563E+08   6.50224E+10   1.11264E+09   5.90122E+05   1.22265E+12   5.07461E+12   5.85508E+04
   1.63700E-03   1.55735E+02   1.07524E+07   4.13077E+12   2.44746E+19   2.73853E+13   7.05101E+08   4.43863E+10   7.69509E+08   5.30639E+05   1.16960E+12   5.15822E+12   1.15581E+05
   1.64871E-03   1.51246E+02   5.09814E+06   4.19902E+12   2.44746E+19   2.29498E+13   4.22892E+08   2.51312E+10   4.44195E+08   4.26750E+05   1.09015E+12   5.25494E+12   4.74682E+05
   1.66042E-03   1.43513E+02   1.54091E+06   4.24540E+12   2.44746E+19   1.89880E+13   2.38714E+08   1.30546E+10   2.38445E+08   3.01617E+05   1.02027E+12   5.32856E+12   5.23964E+06
   1.67330E-03   1.31956E+02   3.18094E+05   4.27715E+12   2.44746E+19   1.55391E+13   1.43921E+08   7.47813E+09   1.39906E+08   1.80565E+05   9.59907E+11   5.38925E+12   1.60620E+08
   1.68853E-03   1.14450E+02   7.90941E+04   4.29548E+12   2.44746E+19   1.25128E+13   9.08540E+07   4.65933E+09   8.78168E+07   8.24993E+04   8.90253E+11   5.44074E+12   1.83757E+10
   1.70726E-03   8.77751E+01   1.18131E+05   4.26886E+12   2.44746E+19   9.87219E+12   5.64135E+07   2.88503E+09   5.44419E+07   7.03899E+04   7.71598E+10   5.41932E+12   8.52902E+11
   1.72248E-03   5.66951E+01   4.07495E+05   4.24507E+12   2.44746E+19   8.26695E+12   3.93911E+07   2.01219E+09   3.80288E+07   2.25291E+04   2.80400E+08   5.39682E+12   9.52281E+11
   1.74239E-03   2.11452E+01   1.68002E+06   4.21428E+12   2.44746E+19   6.65505E+12   2.54810E+07   1.30221E+09   2.46305E+07   5.73927E+03   4.39397E+06   5.36771E+12   9.81641E+11
   1.75000E-03   7.85506E+00   1.33046E+06   4.20261E+12   2.44746E+19   6.14829E+12   2.17476E+07   1.11132E+09   2.10221E+07   4.31195E+03   2.24280E+06   5.35669E+12   9.92658E+11
   1.75703E-03   2.28291E+01   9.72588E+05   4.19187E+12   2.44746E+19   5.72372E+12   1.88474E+07   9.63050E+08   1.82190E+07   6.14360E+03   5.09373E+06   5.34657E+12   1.00277E+12
   1.76522E-03   3.93613E+01   1.67992E+06   4.17941E+12   2.44746E+19   5.27441E+12   1.60143E+07   8.17888E+08   1.54720E+07   1.14633E+04   2.69639E+07   5.33482E+12   1.01449E+12
   1.77459E-03   5.80379E+01   2.70986E+06   4.16524E+12   2.44746E+19   4.81863E+12   1.39048E+07   6.99788E+08   1.30967E+07   2.52215E+04   3.73636E+08   5.32148E+12   1.02747E+12
   1.78279E-03   7.61879E+01   3.29342E+06   4.15290E+12   2.44746E+19   4.48853E+12   1.58599E+07   7.85344E+08   1.36931E+07   5.23864E+04   9.00203E+09   5.31007E+12   1.03026E+12
   1.79098E-03   9.24698E+01   1.40914E+06   4.14078E+12   2.44746E+19   4.19273E+12   1.52693E+07   8.04140E+08   1.38088E+07   8.33430E+04   2.08984E+11   5.30280E+12   8.37612E+11
   1.79918E-03   1.07939E+02   1.19630E+06   4.12924E+12   2.44746E+19   3.94376E+12   1.78131E+07   1.02502E+09   1.70061E+07   7.47444E+04   9.39238E+11   5.30941E+12   1.00979E+11
   1.80504E-03   1.20367E+02   4.99630E+06   4.12118E+12   2.44746E+19   4.03422E+12   6.58002E+07   4.40998E+09   6.84410E+07   1.15285E+05   1.03189E+12   5.31500E+12   4.44949E+09
   1.80972E-03   1.28880E+02   1.12512E+07   4.11530E+12   2.44746E+19   4.55191E+12   1.73262E+08   1.23902E+10   1.91990E+08   1.65170E+05   1.03625E+12   5.31982E+12   4.20603E+08
   1.81440E-03   1.35620E+02   1.98994E+07   4.11080E+12   2.44746E+19   5.79248E+12   3.56585E+08   2.64265E+10   4.12063E+08   2.18945E+05   1.04362E+12   5.32591E+12   5.94084E+07
   1.81674E-03   1.40151E+02   2.95123E+07   4.10942E+12   2.44746E+19   6.84823E+12   5.82090E+08   4.40832E+10   6.90222E+08   2.64120E+05   1.05194E+12   5.32981E+12   1.52618E+07
   1.82026E-03   1.43312E+02   3.75940E+07   4.10924E+12   2.44746E+19   9.02342E+12   8.03444E+08   6.13569E+10   9.65866E+08   3.04109E+05   1.07118E+12   5.33761E+12   5.85803E+06
   1.82377E-03   1.46620E+02   4.35645E+07   4.11192E+12   2.44746E+19   1.16563E+13   1.01606E+09   7.80333E+10   1.23606E+09   3.53565E+05   1.09674E+12   5.34840E+12   2.11751E+06
   1.82963E-03   1.50183E+02   4.79358E+07   4.12433E+12   2.44746E+19   1.65205E+13   1.25986E+09   9.62088E+10   1.53971E+09   4.24284E+05   1.14798E+12   5.37477E+12   7.06281E+05
   1.83548E-03   1.53732E+02   5.03961E+07   4.14780E+12   2.44746E+19   2.14337E+13   1.50076E+09   1.13594E+11   1.83676E+09   5.10095E+05   1.20428E+12   5.41286E+12   2.31709E+05
   1.84251E-03   1.56468E+02   4.97976E+07   4.19094E+12   2.44746E+19   2.66071E+13   1.68819E+09   1.25442E+11   2.05126E+09   5.98829E+05   1.26727E+12   5.47455E+12   9.79693E+04
   1.84719E-03   1.58225E+02   4.69384E+07   4.22786E+12   2.44746E+19   2.93041E+13   1.73819E+09   1.27443E+11   2.09902E+09   6.60572E+05   1.30125E+12   5.52442E+12   5.55937E+04
   1.85656E-03   1.59262E+02   4.12108E+07   4.31484E+12   2.44746E+19   3.25157E+13   1.71992E+09   1.22706E+11   2.04260E+09   7.20541E+05   1.34041E+12   5.63843E+12   4.02460E+04
   1.86475E-03   1.59664E+02   3.31100E+07   4.39754E+12   2.44746E+19   3.31276E+13   1.53073E+09   1.06503E+11   1.78875E+09   7.46091E+05   1.34257E+12   5.74563E+12   3.51458E+04
   1.87178E-03   1.59109E+02   2.50752E+07   4.46671E+12   2.44746E+19   3.22299E+13   1.27267E+09   8.61848E+10   1.45997E+09   7.31531E+05   1.32167E+12   5.83603E+12   4.18185E+04
   1.87881E-03   1.57888E+02   1.75190E+07   4.52963E+12   2.44746E+19   3.03170E+13   9.91017E+08   6.49954E+10   1.11211E+09   6.90094E+05   1.28400E+12   5.92007E+12   6.14888E+04
   1.88700E-03   1.55735E+02   1.07524E+07   4.59167E+12   2.44746E+19   2.73695E+13   7.04604E+08   4.43610E+10   7.69027E+08   6.19491E+05   1.22838E+12   6.00625E+12   1.21389E+05
   1.89871E-03   1.51246E+02   5.09814E+06   4.65765E+12   2.44746E+19   2.29343E+13   4.22482E+08   2.51102E+10   4.43798E+08   4.97807E+05   1.14645E+12   6.10546E+12   4.99197E+05
   1.91042E-03   1.43513E+02   1.54091E+06   4.70081E+12   2.44746E+19   1.89731E+13   2.38390E+08   1.30380E+10   2.38132E+08   3.51965E+05   1.07524E+12   6.18041E+12   5.52195E+06
   1.92330E-03   1.31956E+02   3.18094E+05   4.72822E+12   2.44746E+19   1.55250E+13   1.43668E+08   7.46520E+09   1.39661E+08   2.10931E+05   1.01436E+12   6.24160E+12   1.69732E+08
   1.93853E-03   1.14450E+02   7.90941E+04   4.74059E+12   2.44746E+19   1.24995E+13   9.06620E+07   4.64951E+09   8.76308E+07   9.65407E+04   9.43959E+11   6.29274E+12   1.94842E+10
   1.95726E-03   8.77751E+01   1.18131E+05   4.70589E+12   2.44746E+19   9.86221E+12   5.63004E+07   2.87923E+09   5.43323E+07   8.27681E+04   8.23028E+10   6.26414E+12   9.09750E+11
   1.97248E-03   5.66951E+01   4.07495E+05   4.67566E+12   2.44746E+19   8.25902E+12   3.93161E+07   2.00833E+09   3.79560E+07   2.65910E+04   3.00537E+08   6.23543E+12   1.02046E+12
   1.99239E-03   2.11452E+01   1.68002E+06   4.63659E+12   2.44746E+19   6.64900E+12   2.54350E+07   1.29984E+09   2.45857E+07   6.80438E+03   4.74822E+06   6.19835E+12   1.05781E+12
   2.00000E-03   7.85506E+00   1.33046E+06   4.62178E+12   2.44746E+19   6.14279E+12   2.17090E+07   1.10933E+09   2.09845E+07   5.12027E+03   2.43124E+06   6.18433E+12   1.07183E+12
   2.00703E-03   2.28291E+01   9.72588E+05   4.60819E+12   2.44746E+19   5.71869E+12   1.88145E+07   9.61350E+08   1.81869E+07   7.30552E+03   5.52337E+06   6.17146E+12   1.08470E+12
   2.01522E-03   3.93613E+01   1.67992E+06   4.59240E+12   2.44746E+19   5.26984E+12   1.59868E+07   8.16470E+08   1.54452E+07   1.36528E+04   2.92510E+07   6.15653E+12   1.09960E+12
   2.02459E-03   5.80379E+01   2.70986E+06   4.57447E+12   2.44746E+19   4.81451E+12   1.38823E+07   6.98628E+08   1.30746E+07   3.00901E+04   4.05937E+08   6.13959E+12   1.11615E+12
   2.03279E-03   7.61879E+01   3.29342E+06   4.55886E+12   2.44746E+19   4.48476E+12   1.58407E+07   7.84364E+08   1.36743E+07   6.25869E+04   9.79729E+09   6.12508E+12   1.12126E+12
   2.04098E-03   9.24698E+01   1.40914E+06   4.54329E+12   2.44746E+19   4.18908E+12   1.52520E+07   8.03243E+08   1.37918E+07   9.96833E+04   2.27812E+11   6.11531E+12   9.13077E+11
   2.04918E-03   1.07939E+02   1.19630E+06   4.52767E+12   2.44746E+19   3.93961E+12   1.77946E+07   1.02407E+09   1.69879E+07   8.94266E+04   1.02485E+12   6.12141E+12   1.10183E+11
   2.05504E-03   1.20367E+02   4.99630E+06   4.51669E+12   2.44746E+19   4.02968E+12   6.57795E+07   4.40892E+09   6.84207E+07   1.37937E+05   1.12654E+12   6.12675E+12   4.85760E+09
   2.05972E-03   1.28880E+02   1.12512E+07   4.50855E+12   2.44746E+19   4.54705E+12   1.73236E+08   1.23888E+10   1.91965E+08   1.97573E+05   1.13143E+12   6.13141E+12   4.59235E+08
   2.06440E-03   1.35620E+02   1.98994E+07   4.50191E+12   2.44746E+19   5.78720E+12   3.56550E+08   2.64248E+10   4.12029E+08   2.61664E+05   1.13889E+12   6.13744E+12   6.48315E+07
   2.06674E-03   1.40151E+02   2.95123E+07   4.49955E+12   2.44746E+19   6.84270E+12   5.82046E+08   4.40811E+10   6.90180E+08   3.15373E+05   1.14716E+12   6.14139E+12   1.66433E+07
   2.07026E-03   1.43312E+02   3.75940E+07   4.49806E+12   2.44746E+19   9.01738E+12   8.03382E+08   6.13537E+10   9.65806E+08   3.62406E+05   1.16617E+12   6.14941E+12   6.37751E+06
   2.07377E-03   1.46620E+02   4.35645E+07   4.49966E+12   2.44746E+19   1.16496E+13   1.01597E+09   7.80288E+10   1.23597E+09   4.20252E+05   1.19126E+12   6.16067E+12   2.30000E+06
   2.07963E-03   1.50183E+02   4.79358E+07   4.51087E+12   2.44746E+19   1.65123E+13   1.25970E+09   9.62011E+10   1.53956E+09   5.01697E+05   1.24110E+12   6.18844E+12   7.63573E+05
   2.08548E-03   1.53732E+02   5.03961E+07   4.53386E+12   2.44746E+19   2.14237E+13   1.50052E+09   1.13582E+11   1.83652E+09   5.99701E+05   1.29526E+12   6.22867E+12   2.49214E+05
   2.09251E-03   1.56468E+02   4.97976E+07   4.57721E+12   2.44746E+19   2.65949E+13   1.68782E+09   1.25423E+11   2.05090E+09   6.99225E+05   1.35484E+12   6.29375E+12   1.04739E+05
   2.09719E-03   1.58225E+02   4.69384E+07   4.61460E+12   2.44746E+19   2.92905E+13   1.73774E+09   1.27420E+11   2.09858E+09   7.68079E+05   1.38621E+12   6.34624E+12   5.92232E+04
   2.10656E-03   1.59262E+02   4.12108E+07   4.70283E+12   2.44746E+19   3.24999E+13   1.71933E+09   1.22676E+11   2.04203E+09   8.31868E+05   1.41983E+12   6.46578E+12   4.26304E+04
   2.11475E-03   1.59664E+02   3.31100E+07   4.78650E+12   2.44746E+19   3.31106E+13   1.53009E+09   1.06470E+11   1.78812E+09   8.57281E+05   1.41728E+12   6.57767E+12   3.71017E+04
   2.12178E-03   1.59109E+02   2.50752E+07   4.85616E+12   2.44746E+19   3.22125E+13   1.27203E+09   8.61517E+10   1.45935E+09   8.38096E+05   1.39276E+12   6.67170E+12   4.40678E+04
   2.12881E-03   1.57888E+02   1.75190E+07   4.91912E+12   2.44746E+19   3.02995E+13   9.90403E+08   6.49639E+10   1.11151E+09   7.89123E+05   1.35200E+12   6.75883E+12   6.47451E+04
   2.13700E-03   1.55735E+02   1.07524E+07   4.98058E+12   2.44746E+19   2.73521E+13   7.04055E+08   4.43328E+10   7.68498E+08   7.07588E+05   1.29350E+12   6.84788E+12   1.27826E+05
   2.14871E-03   1.51246E+02   5.09814E+06   5.04462E+12   2.44746E+19   2.29176E+13   4.22042E+08   2.50877E+10   4.43372E+08   5.68483E+05   1.20879E+12   6.94987E+12   5.26340E+05
   2.16042E-03   1.43513E+02   1.54091E+06   5.08481E+12   2.44746E+19   1.89570E+13   2.38039E+08   1.30201E+10   2.37792E+08   4.02237E+05   1.13602E+12   7.02638E+12   5.83409E+06
   2.17330E-03   1.31956E+02   3.18094E+05   5.10804E+12   2.44746E+19   1.55096E+13   1.43393E+08   7.45116E+09   1.39395E+08   2.41376E+05   1.07446E+12   7.08824E+12   1.79789E+08
   2.18853E-03   1.14450E+02   7.90941E+04   5.11454E+12   2.44746E+19   1.24849E+13   9.04535E+07   4.63885E+09   8.74290E+07   1.10679E+05   1.00308E+12   7.13915E+12   2.07045E+10
   2.20726E-03   8.77751E+01   1.18131E+05   5.07153E+12   2.44746E+19   9.85143E+12   5.61783E+07   2.87297E+09   5.42140E+07   9.52902E+04   8.79233E+10   7.10315E+12   9.71875E+11
   2.22248E-03   5.66951E+01   4.07495E+05   5.03466E+12   2.44746E+19   8.25048E+12   3.92351E+07   2.00418E+09   3.78775E+07   3.07126E+04   3.22425E+08   7.06803E+12   1.09459E+12
   2.24239E-03   2.11452E+01   1.68002E+06   4.98707E+12   2.44746E+19   6.64250E+12   2.53856E+07   1.29730E+09   2.45377E+07   7.88849E+03   5.13018E+06   7.02275E+12   1.14017E+12
   2.25000E-03   7.85506E+00   1.33046E+06   4.96906E+12   2.44746E+19   6.13690E+12   2.16676E+07   1.10720E+09   2.09443E+07   5.94379E+03   2.63386E+06   7.00565E+12   1.15727E+12
   2.25703E-03   2.28291E+01   9.72588E+05   4.95252E+12   2.44746E+19   5.71326E+12   1.87791E+07   9.59530E+08   1.81525E+07   8.49021E+03   5.98518E+06   6.98995E+12   1.17295E+12
   2.26522E-03   3.93613E+01   1.67993E+06   4.93334E+12   2.44746E+19   5.26490E+12   1.59572E+07   8.14941E+08   1.54163E+07   1.58869E+04   3.17084E+07   6.97176E+12   1.19111E+12
   2.27459E-03   5.80379E+01   2.70986E+06   4.91156E+12   2.44746E+19   4.81008E+12   1.38580E+07   6.97368E+08   1.30509E+07   3.50619E+04   4.40597E+08   6.95114E+12   1.21131E+12
   2.28279E-03   7.61879E+01   3.29342E+06   4.89261E+12   2.44746E+19   4.48071E+12   1.58201E+07   7.83299E+08   1.36541E+07   7.30097E+04   1.06494E+10   6.93347E+12   1.21877E+12
   2.29098E-03   9.24698E+01   1.40914E+06   4.87353E+12   2.44746E+19   4.18518E+12   1.52334E+07   8.02283E+08   1.37736E+07   1.16385E+05   2.47959E+11   6.92116E+12   9.93826E+11
   2.29918E-03   1.07939E+02   1.19630E+06   4.85378E+12   2.44746E+19   3.93517E+12   1.77747E+07   1.02304E+09   1.69684E+07   1.04431E+05   1.11639E+12   6.92677E+12   1.20024E+11
   2.30504E-03   1.20367E+02   4.99630E+06   4.83985E+12   2.44746E+19   4.02483E+12   6.57574E+07   4.40779E+09   6.83990E+07   1.61078E+05   1.22770E+12   6.93190E+12   5.29379E+09
   2.30972E-03   1.28880E+02   1.12512E+07   4.82942E+12   2.44746E+19   4.54185E+12   1.73209E+08   1.23874E+10   1.91939E+08   2.30656E+05   1.23312E+12   6.93642E+12   5.00510E+08
   2.31440E-03   1.35620E+02   1.98994E+07   4.82065E+12   2.44746E+19   5.78158E+12   3.56513E+08   2.64229E+10   4.11993E+08   3.05221E+05   1.24063E+12   6.94243E+12   7.06233E+07
   2.31674E-03   1.40151E+02   2.95123E+07   4.81731E+12   2.44746E+19   6.83680E+12   5.82001E+08   4.40787E+10   6.90135E+08   3.67573E+05   1.24884E+12   6.94645E+12   1.81185E+07
   2.32026E-03   1.43312E+02   3.75940E+07   4.81452E+12   2.44746E+19   9.01095E+12   8.03316E+08   6.13504E+10   9.65741E+08   4.21635E+05   1.26757E+12   6.95475E+12   6.93207E+06
   2.32377E-03   1.46620E+02   4.35645E+07   4.81509E+12   2.44746E+19   1.16425E+13   1.01587E+09   7.80239E+10   1.23588E+09   4.87797E+05   1.29214E+12   6.96653E+12   2.49477E+06
   2.32963E-03   1.50183E+02   4.79358E+07   4.82520E+12   2.44746E+19   1.65036E+13   1.25954E+09   9.61928E+10   1.53940E+09   5.79620E+05   1.34045E+12   6.99581E+12   8.24697E+05
   2.33548E-03   1.53732E+02   5.03961E+07   4.84786E+12   2.44746E+19   2.14132E+13   1.50025E+09   1.13569E+11   1.83627E+09   6.89281E+05   1.39230E+12   7.03836E+12   2.67884E+05
   2.34251E-03   1.56468E+02   4.97976E+07   4.89169E+12   2.44746E+19   2.65820E+13   1.68743E+09   1.25403E+11   2.05052E+09   7.98782E+05   1.44823E+12   7.10708E+12   1.11959E+05
   2.34719E-03   1.58225E+02   4.69384E+07   4.92975E+12   2.44746E+19   2.92760E+13   1.73725E+09   1.27395E+11   2.09811E+09   8.74165E+05   1.47680E+12   7.16236E+12   6.30935E+04
   2.35656E-03   1.59262E+02   4.12108E+07   5.01967E+12   2.44746E+19   3.24832E+13   1.71871E+09   1.22645E+11   2.04143E+09   9.40878E+05   1.50451E+12   7.28781E+12   4.51730E+04
   2.36475E-03   1.59664E+02   3.31100E+07   5.10471E+12   2.44746E+19   3.30927E+13   1.52941E+09   1.06436E+11   1.78746E+09   9.65677E+05   1.49695E+12   7.40470E+12   3.91873E+04
   2.37178E-03   1.59109E+02   2.50752E+07   5.17518E+12   2.44746E+19   3.21941E+13   1.27134E+09   8.61170E+10   1.45869E+09   9.41774E+05   1.46858E+12   7.50259E+12   4.64666E+04
   2.37881E-03   1.57888E+02   1.75190E+07   5.23847E+12   2.44746E+19   3.02809E+13   9.89760E+08   6.49313E+10   1.11089E+09   8.85424E+05   1.42451E+12   7.59302E+12   6.82175E+04
   2.38700E-03   1.55735E+02   1.07524E+07   5.29964E+12   2.44746E+19   2.73338E+13   7.03481E+08   4.43038E+10   7.67940E+08   7.93335E+05   1.36294E+12   7.68514E+12   1.34687E+05
   2.39871E-03   1.51246E+02   5.09814E+06   5.36210E+12   2.44746E+19   2.28998E+13   4.21573E+08   2.50637E+10   4.42918E+08   6.37461E+05   1.27521E+12   7.79015E+12   5.55261E+05
   2.41042E-03   1.43513E+02   1.54091E+06   5.39958E+12   2.44746E+19   1.89399E+13   2.37666E+08   1.30010E+10   2.37431E+08   4.51464E+05   1.20072E+12   7.86837E+12   6.16636E+06
   2.42330E-03   1.31956E+02   3.18094E+05   5.41885E+12   2.44746E+19   1.54932E+13   1.43102E+08   7.43628E+09   1.39114E+08   2.71289E+05   1.13835E+12   7.93103E+12   1.90479E+08
   2.43853E-03   1.14450E+02   7.90941E+04   5.41968E+12   2.44746E+19   1.24696E+13   9.02337E+07   4.62760E+09   8.72162E+07   1.24617E+05   1.06581E+12   7.98182E+12   2.19993E+10
   2.45726E-03   8.77751E+01   1.18131E+05   5.36832E+12   2.44746E+19   9.84006E+12   5.60498E+07   2.86638E+09   5.40897E+07   1.07670E+05   9.38540E+10   7.93836E+12   1.03743E+12
   2.47248E-03   5.66951E+01   4.07495E+05   5.32477E+12   2.44746E+19   8.24150E+12   3.91501E+07   1.99982E+09   3.77952E+07   3.47943E+04   3.45425E+08   7.89679E+12   1.17250E+12
   2.49239E-03   2.11452E+01   1.68002E+06   5.26863E+12   2.44746E+19   6.63569E+12   2.53338E+07   1.29464E+09   2.44874E+07   8.96366E+03   5.52899E+06   7.84328E+12   1.22633E+12
   2.50000E-03   7.85506E+00   1.33046E+06   5.24741E+12   2.44746E+19   6.13071E+12   2.16242E+07   1.10497E+09   2.09021E+07   6.76083E+03   2.84494E+06   7.82308E+12   1.24652E+12
